2 0.43345323732761154 0.2134291673520647 0.12829736211031176 0.12709832134292565
2 0.5701438848920863 0.18764988009592326 0.10911270983213427 0.09952038369304556
2 0.8962829736211032 0.13429256594724218 0.12110311750599521 0.11031175059952038
2 0.1121103117505995 0.20803357314148685 0.11390887290167866 0.08033573141486809
4 0.46522781774580335 0.29316546762589923 0.040767386091127025 0.06354916067146284
4 0.5839328537170263 0.25839328537170264 0.0431654676258993 0.04916067146282977
4 0.8747002398081534 0.2464028776978417 0.044364508393285436 0.0515587529976019
4 0.11690647482014388 0.2949640287769784 0.027577937649880084 0.05035971223021587
7 0.883693045563549 0.20803357314148685 0.0455635491606715 0.03237410071942445
7 0.5845323741007193 0.2260191846522782 0.04676258992805764 0.029976019184652286
7 0.46043165467625896 0.24700239808153476 0.03836930455635496 0.026378896882494018
7 0.11031175059952038 0.2565947242206235 0.04796163069544365 0.023980815347721816
8 0.6990407673860912 0.16486810551558753 0.0863309352517986 0.12589928057553956
8 0.9502398081534773 0.6894484412470024 0.05635491606714624 0.06714628297362112
8 0.6612709832134293 0.6199040767386091 0.05635491606714631 0.07673860911270985
8 0.3669064748201438 0.802757793764988 0.06954436450839331 0.0995203836930456
8 0.06774580335731414 0.6762589928057554 0.07074340527577938 0.08153477218225412
8 0.2014388489208633 0.6408872901678657 0.0431654676258993 0.08752997601918466
9 0.43225419664268583 0.5161870503597121 0.20023980815347728 0.27937649880095927
9 0.8980815347721822 0.43105515587529974 0.16786570743405263 0.2913669064748201
9 0.10611510791366907 0.4586330935251799 0.19784172661870503 0.22661870503597123
9 0.5725419664268585 0.43165467625899284 0.14748201438848924 0.23980815347721818
3 0.4118705035971223 0.27577937649880097 0.03237410071942449 0.05755395683453237
3 0.5455635491606714 0.24820143884892087 0.021582733812949614 0.040767386091127095
3 0.9238609112709832 0.23261390887290168 0.03237410071942449 0.0455635491606715
3 0.07673860911270984 0.27577937649880097 0.03597122302158273 0.035971223021582725
