2 0.8651079136690647 0.18645083932853715 0.20503597122302153 0.22182254196642684
12 0.37829736211031173 0.22961630695443647 0.05635491606714638 0.08992805755395686
12 0.6936450839328537 0.1420863309352518 0.07793764988009584 0.1235011990407674
13 0.8267386091127099 0.6235011990407674 0.3465227817745803 0.6163069544364509
13 0.3747002398081534 0.28477218225419665 0.092326139088729 0.21702637889688248
2 0.41906474820143885 0.08752997601918464 0.092326139088729 0.105515587529976
7 0.4334532374100719 0.1366906474820144 0.041966426858513234 0.03836930455635493
4 0.4196642685851319 0.16486810551558753 0.02637889688249395 0.04676258992805753
3 0.38609112709832133 0.11930455635491606 0.03357314148681056 0.03237410071942445
3 0.790167865707434 0.27278177458033576 0.04796163069544377 0.065947242206235
