2 0.35090909090909095 0.19333333333333333 0.1660606060606061 0.16121212121212117
2 0.738787800179348 0.2496969294215234 0.16121212121212125 0.14787878787878783
12 0.826060606060606 0.8042424242424242 0.13939393939393938 0.16121212121212125
12 0.6969696969696969 0.6787878787878787 0.08242424242424234 0.11878787878787875
13 0.7860606060606061 0.5866666666666667 0.2606060606060606 0.43878787878787884
8 0.39151515151515154 0.5793939393939394 0.1915151515151515 0.1575757575757575
9 0.33090909090909093 0.6466666666666666 0.3054545454545455 0.532121212121212
4 0.7212121212121212 0.3242424242424242 0.05575757575757578 0.0642424242424243
4 0.4042424242424243 0.3054545454545455 0.059393939393939374 0.08969696969696969
7 0.3975757575757576 0.23939393939393938 0.08242424242424234 0.03272727272727274
7 0.7181818181818181 0.2739393939393939 0.06909090909090906 0.05575757575757578
3 0.7896969696969697 0.3 0.04 0.06666666666666661
3 0.3212121212121212 0.2587878787878788 0.06545454545454539 0.07151515151515156
