2 0.42745803357314144 0.14508393285371698 0.31294964028776984 0.2709832134292565
2 0.6594724220623501 0.43884892086330934 0.2422062350119905 0.15107913669064751
0 0.7392086330935251 0.48800959232613905 0.10911270983213427 0.184652278177458
0 0.5017985611510791 0.32014388489208634 0.16906474820143885 0.17026378896882494
0 0.26199040767386095 0.20863309352517986 0.09472422062350123 0.2134292565947242
4 0.3429256594724221 0.30935251798561153 0.11510791366906478 0.1414868105515588
4 0.632494004796163 0.5857314148681055 0.07314148681055159 0.06834532374100726
8 0.5071942446043165 0.47062350119904073 0.09112709832134293 0.10431654676258986
8 0.6378896882494004 0.7194244604316546 0.15827338129496404 0.1342925659472421
7 0.3758992805755396 0.23201438848920863 0.15707434052757796 0.11151079136690648
7 0.6258992805755396 0.5341726618705036 0.07673860911270979 0.0515587529976019
9 0.2823741007194245 0.5245803357314148 0.45683453237410077 0.567146282973621
9 0.8171462829736211 0.7362110311750599 0.3657074340527578 0.25419664268585135
