2 0.4376498800959233 0.15827338129496404 0.10311750599520388 0.06474820143884892
12 0.17026378896882494 0.2871702637889688 0.09592326139088728 0.08273381294964029
12 0.6984412470023981 0.24760191846522783 0.08752997601918466 0.09472422062350119
11 0.4370503597122303 0.20623501199040767 0.05635491606714631 0.02158273381294965
10 0.49940047961630696 0.935251798561151 0.06834532374100717 0.11270983213429261
10 0.4376498800959233 0.9298561151079136 0.05755395683453237 0.09472422062350133
13 0.4448441247002398 0.40287769784172667 0.17505995203836933 0.2517985611510792
1 0.4376498800959233 0.26019184652278177 0.0599520383693045 0.04796163069544363
3 0.4700239808153477 0.22122302158273383 0.014388489208633075 0.03477218225419662
3 0.40647482014388486 0.22781774580335729 0.023980815347721816 0.035971223021582725
