10 0.4940047961630695 0.6169064748201438 0.03836930455635496 0.04916067146282977
10 0.45563549160671457 0.6223021582733813 0.03836930455635489 0.04556354916067136
10 0.6564748201438849 0.8986810551558753 0.06834532374100717 0.10671462829736214
10 0.5911270983213428 0.8543165467625898 0.062350119904076774 0.09232613908872907
5 0.6109112709832134 0.1354916067146283 0.07793764988009592 0.05755395683453237
5 0.40287769784172667 0.19664268585131894 0.05755395683453237 0.04076738609112713
5 0.4754196642685852 0.223621103117506 0.04196642685851316 0.03237410071942449
5 0.7679856115107913 0.2182254196642686 0.04676258992805757 0.026378896882494018
7 0.6157074340527577 0.1774580335731415 0.0515587529976019 0.023980815347721816
7 0.3992805755395683 0.22062350119904076 0.03357314148681056 0.02158273381294965
7 0.47961630695443647 0.23441247002398083 0.03357314148681056 0.013189448441247009
7 0.7685851318944844 0.23800959232613905 0.026378896882494018 0.01798561151079138
9 0.6145929882318134 0.38906801302660177 0.15858062567338124 0.27844673240302636
9 0.7634949841692606 0.3752945784023879 0.08859668758278104 0.16751474542962805
9 0.40799146886860543 0.3790171283008241 0.08934119756246829 0.20474024441399
9 0.4898875666342014 0.37715585335160606 0.05509373849685545 0.22782005378429432
4 0.6142207332419698 0.20964110792197788 0.028291379228114977 0.04169255886248525
4 0.7698233189966021 0.2539394517133684 0.019357259471868105 0.023079809370304325
4 0.4835592318068599 0.24872788185555778 0.014145689614057488 0.026057849289053258
4 0.39942960410220224 0.24426082197743434 0.01712372953280642 0.03201392912655116
3 0.5870461189833857 0.19177286840948418 0.01712372953280642 0.03722549898436181
3 0.6413953475005539 0.18618904356182994 0.020101769451555285 0.02903588920780223
