11 0.5704120340091563 0.2583932853717027 0.12836276433398738 0.0851318944844125
10 0.8921212121212122 0.12709832134292567 0.14440810987573585 0.18944844124700244
10 0.7485153695225638 0.12709832134292567 0.10269021146718985 0.21582733812949642
10 0.8877087420972313 0.3932853717026379 0.12435142794855025 0.21582733812949637
10 0.7529278395465445 0.3806954436450839 0.09386527141922826 0.1738609112709832
0 0.6694920427294528 0.2955635491606714 0.056960976673206855 0.14988009592326137
8 0.6899498582951822 0.9118705035971223 0.10910834968388919 0.1450839328537171
13 0.5968952029427593 0.724220623501199 0.3465961612812023 0.5515587529976019
4 0.5672029649008066 0.3519184652278177 0.06097231305864405 0.12110311750599517
5 0.5856551122738174 0.15827338129496404 0.19093961194680617 0.09112709832134294
