2 0.8045563549160671 0.14568345323741008 0.17505995203836933 0.1522781774580336
2 0.4490407673860911 0.14268585131894482 0.15947242206235018 0.1294964028776978
13 0.4514388489208633 0.5845323741007195 0.25779376498800954 0.4616306954436451
13 0.800359712230216 0.6157074340527577 0.3057553956834532 0.5695443645083933
7 0.4892086330935252 0.22482014388489208 0.05515587529976017 0.02278177458033575
8 0.6558752997601919 0.48141486810551554 0.12230215827338128 0.18824940047961633
8 0.38908872901678654 0.6870503597122303 0.11390887290167867 0.14868105515587537
4 0.7547961630695442 0.2973621103117506 0.06594724220623505 0.07673860911270988
4 0.48621103117506 0.28117505995203834 0.05875299760191851 0.06834532374100717
3 0.41906474820143885 0.237410071942446 0.04196642685851316 0.04796163069544363
3 0.8273381294964028 0.25479616306954433 0.0455635491606715 0.06834532374100717
