5 0.7691846522781774 0.19244604316546762 0.1282973621103119 0.10431654676258996
5 0.6540767386091128 0.21282973621103113 0.12110311750599528 0.13549160671462826
5 0.7002398081534773 0.044964028776978415 0.10071942446043167 0.0803357314148681
5 0.2979616306954436 0.15827338129496404 0.12350119904076734 0.08393285371702638
5 0.28597122302158273 0.1001199040767386 0.13549160671462832 0.053956834532374084
5 0.09293813728314224 0.022182254196642687 0.08990310193251648 0.04436450839328537
7 0.7805755395683454 0.23021582733812948 0.08393285371702647 0.045563549160671464
7 0.6570743405275781 0.302757793764988 0.07434052757793765 0.03717026378896882
7 0.1001199040767386 0.04616306954436451 0.07793764988009591 0.04196642685851319
7 0.7068345323741008 0.1067146282973621 0.05875299760191851 0.026378896882494
8 0.8021582733812949 0.88189448441247 0.0959232613908874 0.10911270983213427
8 0.8627098321342924 0.9514388489208634 0.08513189448441252 0.09472422062350119
8 0.5227817745803357 0.8405275779376499 0.0863309352517986 0.11510791366906474
8 0.19305804135988083 0.9442446043165468 0.0887539724080111 0.1115107913669064
9 0.28597122302158273 0.6300959232613909 0.28896882494004794 0.5623501199040768
9 0.7859712230215827 0.6708633093525179 0.3225419664268585 0.5359712230215827
9 0.6157074340527577 0.5179856115107914 0.22182254196642695 0.3693045563549161
4 0.7859712230215828 0.28477218225419665 0.05875299760191851 0.08992805755395686
4 0.2973621103117506 0.27517985611510787 0.062350119904076705 0.08273381294964029
4 0.6534772182254196 0.33932853717026373 0.050359712230215764 0.05755395683453237
4 0.7110311750599521 0.1474820143884892 0.040767386091127095 0.05515587529976017
4 0.09952038369304557 0.09232613908872901 0.04556354916067147 0.06235011990407673
3 0.7278177458033573 0.2901678657074341 0.0527577937649879 0.06954436450839324
3 0.6001199040767387 0.26498800959232616 0.025179856115107882 0.05755395683453237
3 0.36330935251798563 0.2476019184652278 0.04556354916067143 0.06354916067146281
3 0.05815347721822542 0.0815347721822542 0.02278177458033572 0.0407673860911271
3 0.6630695443645084 0.10851318944844124 0.021582733812949614 0.03717026378896882
