2 0.2559952038369304 0.3992805755395683 0.1546762589928057 0.1031175059952038
2 0.5671462829736211 0.3579136690647482 0.18705035971223027 0.08992805755395683
2 0.7733812949640287 0.34832134292565947 0.19184652278177466 0.08992805755395679
4 0.7452038369304556 0.44004796163069543 0.05635491606714624 0.052757793764988035
4 0.5449640287769785 0.44664268585131894 0.06115107913669057 0.04196642685851316
4 0.27278177458033576 0.47601918465227816 0.05395683453237414 0.04796163069544363
9 0.2829736211031175 0.684652278177458 0.2589928057553957 0.3213429256594724
9 0.552757793764988 0.6408872901678657 0.2494004796163069 0.32254196642685856
9 0.8129496402877697 0.6025179856115108 0.25419664268585135 0.23141486810551556
8 0.6486810551558753 0.6594724220623501 0.12709832134292567 0.06474820143884905
8 0.4658273381294964 0.672062350119904 0.0731414868105515 0.06594724220623491
