5 0.3519184652278177 0.18944844124700239 0.22182254196642684 0.16306954436450838
5 0.7679856116757122 0.1690647680331409 0.197841726618705 0.14148681055155873
5 0.9280575539568345 0.14688249400479617 0.1318944844124701 0.1235011990407674
4 0.4376498800959233 0.3495203836930456 0.05035971223021583 0.08992805755395686
4 0.4724220623501199 0.3507194244604317 0.0647482014388489 0.06834532374100721
3 0.3411270983213429 0.2985611510791367 0.058752997601918405 0.062350119904076774
3 0.7655875299760191 0.26618705035971224 0.04676258992805757 0.06954436450839331
8 0.5569544364508394 0.6139088729016787 0.118705035971223 0.196642685851319
8 0.6312949640287769 0.6648681055155875 0.1426858513189449 0.10431654676258993
8 0.6540767386091128 0.44664268585131894 0.08273381294964033 0.1402877697841727
