2 0.6079136690647482 0.2182254196642686 0.21103117505995214 0.2134292565947242
2 0.3345323741007194 0.16966426858513192 0.21582733812949642 0.2242206235011991
4 0.38848920863309355 0.3645083932853717 0.06474820143884884 0.10791366906474821
4 0.5989208633093525 0.43225419664268583 0.06594724220623491 0.09472422062350119
13 0.6570743405275778 0.7559952038369304 0.3597122302158274 0.4208633093525179
8 0.32254196642685856 0.6810551558752997 0.41247002398081534 0.5971223021582734
7 0.5977218225419665 0.35851318944844124 0.11390887290167867 0.04796163069544363
7 0.37110311750599523 0.27577937649880097 0.08992805755395679 0.07434052757793765
8 0.5737410071942446 0.7799760191846522 0.14268585131894482 0.20023980815347714
8 0.6516786570743406 0.8363309352517985 0.09952038369304553 0.12829736211031176
8 0.36151079136690645 0.9388489208633094 0.12829736211031176 0.11990407673860914
8 0.16306954436450838 0.8914868105515588 0.11990407673860912 0.18345323741007177
3 0.2877697841726619 0.31414868105515587 0.05995203836930457 0.06954436450839328
3 0.6774580335731415 0.3429256594724221 0.03597122302158269 0.07913669064748198
