2 0.5737410071117841 0.13369296623674076 0.3273381294964029 0.2553956834532374
2 0.33932853717026373 0.4436450839328537 0.23501199040767382 0.15827338129496396
0 0.48441247002398086 0.2991606714628297 0.17745803357314152 0.22661870503597123
0 0.7356115107913669 0.21043165467625896 0.11630695443645081 0.21702637889688248
0 0.26498800959232616 0.49220623501199046 0.1103117505995204 0.1834532374100719
4 0.6642685851318945 0.31654676258992803 0.11031175059952034 0.14148681055155873
4 0.36870503597122295 0.5833333333333333 0.07074340527577938 0.08033573141486819
7 0.6306954436450839 0.23261390887290165 0.1486810551558753 0.11270983213429255
7 0.3705035971223022 0.5311750599520384 0.08872901678657065 0.05515587529976017
8 0.4910071942446044 0.47302158273381295 0.08513189448441245 0.09472422062350119
8 0.36031175059952036 0.7164268585131894 0.14508393285371704 0.14028776978417257
9 0.20323741007194246 0.7260191846522781 0.3729016786570744 0.24340527577937643
9 0.7565947242206235 0.5539568345323741 0.48681055155875297 0.5563549160671463
