5 0.21942446043165467 0.19304556354916066 0.12470023980815352 0.06714628297362109
5 0.342326139088729 0.21822541966426862 0.10671462829736214 0.1366906474820144
5 0.2901678657074341 0.046762589928057555 0.11270983213429261 0.07434052757793766
5 0.9010916145013677 0.020983213429256596 0.09954533931448595 0.04196642685851319
5 0.6876498800959233 0.16606714628297362 0.11630695443645095 0.09232613908872903
5 0.7020383693045563 0.10251798561151078 0.13069544364508395 0.07314148681055153
7 0.21522781774580338 0.22721822541966424 0.08273381294964029 0.0443645083932854
7 0.2871702637889688 0.1067146282973621 0.06115107913669068 0.03836930455635493
7 0.3429256594724221 0.3039568345323741 0.08393285371702636 0.03477218225419662
7 0.8998800959232613 0.05515587529976019 0.06834532374100717 0.028776978417266178
8 0.18705035971223022 0.8729016786570745 0.12949640287769784 0.0959232613908874
8 0.47182254196642687 0.8447242206235012 0.077937649880096 0.11870503597122309
8 0.8021707511920152 0.9376498800959233 0.08395780933846667 0.12470023980815341
8 0.1540767386091127 0.9568345323741008 0.1211031175059952 0.08393285371702647
9 0.724820143884892 0.6037170263788968 0.25539568345323743 0.5815347721822541
9 0.21342925659472425 0.6750599520383693 0.31894484412470026 0.5755395683453238
9 0.38249400479616313 0.5149880095923262 0.1918465227817746 0.3920863309352518
4 0.7068345323741008 0.2817745803357314 0.05155875299760183 0.08633093525179855
4 0.21402877697841724 0.28477218225419665 0.05155875299760194 0.08033573141486809
4 0.3399280575539569 0.3453237410071942 0.0443645083932854 0.040767386091127095
4 0.2853717026378897 0.1462829736211031 0.040767386091127095 0.040767386091127074
4 0.8962829736211032 0.08992805755395683 0.04196642685851302 0.05995203836930456
3 0.6372901678657076 0.24820143884892087 0.041966426858513234 0.06954436450839331
3 0.2715827338129497 0.2853717026378897 0.041966426858513234 0.05515587529976017
3 0.3980815347721823 0.26618705035971224 0.031175059952038352 0.057553956834532405
3 0.3363309352517986 0.10611510791366907 0.02278177458033575 0.037170263788968844
3 0.9382494004796164 0.08153477218225419 0.03237410071942435 0.043165467625899276
