2 0.3962829736211031 0.27577937649880097 0.14748201438848924 0.1678657074340527
2 0.6474820143884892 0.27278177458033576 0.10791366906474828 0.12350119904076738
12 0.2979616306954436 0.9034772182254197 0.10191846522781774 0.11870503597122309
12 0.8651079136690647 0.6223021582733813 0.09472422062350119 0.07434052757793765
10 0.5671462829736211 0.922062350119904 0.05515587529976024 0.09352517985611498
1 0.4070743405275779 0.434052757793765 0.0971223021582734 0.08872901678657072
1 0.6312949640287769 0.3854916067146283 0.06115107913669064 0.07553956834532372
7 0.40407673860911275 0.3741007194244604 0.08393285371702632 0.04556354916067143
7 0.6348920863309353 0.3381294964028777 0.053956834532374105 0.01678657074340528
9 0.3794964028776978 0.697242206235012 0.23860911270983215 0.4208633093525179
9 0.6384892086330936 0.5719424460431655 0.1834532374100719 0.3309352517985611
