11 0.6214618929856115 0.22302158273381295 0.06049629046762583 0.07194244604316545
11 0.7529954942296163 0.14148681055155876 0.06507934277577945 0.11510791366906474
11 0.5133018585131894 0.38069544364508395 0.06599595323741006 0.027577937649880084
4 0.6219201982164271 0.2799760191846523 0.05591323815947256 0.065947242206235
4 0.7782022819244605 0.2589928057553957 0.10999325539568361 0.13908872901678657
4 0.5146767742056356 0.41666666666666663 0.035747808003597184 0.04676258992805757
5 0.5123852480515587 0.33513189448441244 0.07332883693045567 0.05155875299760183
5 0.6425439336031177 0.1528776978417266 0.14115801109112716 0.10431654676258992
5 0.8423540074190649 0.046762589928057555 0.31529198516187035 0.09352517985611511
3 0.6902076776079137 0.20863309352517986 0.029331534772182123 0.06235011990407674
12 0.4161411495803358 0.6474820143884892 0.1044935926258993 0.11990407673860914
12 0.67875004683753 0.7691846522781774 0.06507934277577931 0.13309352517985615
12 0.47297099820143884 0.8824940047961631 0.17598920863309353 0.09832134292565939
3 0.5504245822092326 0.38908872901678665 0.015582377847721887 0.03477218225419669
