2 0.5677458033573142 0.22541966426858512 0.12589928057553956 0.14388489208633096
2 0.8938848920863309 0.21762589928057555 0.10431654676259 0.08033573141486812
2 0.43405275779376495 0.18884892086330932 0.105515587529976 0.09712230215827339
2 0.10191846522781775 0.14808153477218228 0.10551558752997604 0.08513189448441247
7 0.5383693045563549 0.2511990407673861 0.03597122302158269 0.02757793764988012
7 0.42386091127098324 0.22661870503597123 0.0515587529976019 0.03357314148681056
7 0.11690647482014388 0.20323741007194243 0.04916067146282975 0.025179856115107917
7 0.8854916067146283 0.262589928057554 0.04676258992805771 0.028776978417266185
8 0.9262589928057554 0.685251798561151 0.05875299760191851 0.06594724220623491
8 0.7949640287769785 0.643884892086331 0.052757793764988035 0.07194244604316552
8 0.6252997601918465 0.7997601918465227 0.06115107913669064 0.08872901678657072
8 0.3051558752997602 0.1684652278177458 0.1067146282973621 0.13788968824940045
8 0.3405275779376499 0.6145083932853717 0.04316546762589933 0.06834532374100726
8 0.052158273381294966 0.6948441247002398 0.04436450839328537 0.06354916067146292
9 0.565947242206235 0.5083932853717027 0.22302158273381287 0.3237410071942447
9 0.8968824940047962 0.4688249400479616 0.19184652278177453 0.2517985611510792
9 0.42206235011990406 0.4292565947242206 0.1774580335731416 0.23501199040767384
9 0.11630695443645082 0.4298561151079136 0.20863309352517984 0.2625899280575539
4 0.5311750599520384 0.2919664268585132 0.031175059952038352 0.06354916067146284
4 0.4136690647482014 0.2583932853717026 0.03836930455635489 0.044364508393285325
4 0.12050359712230214 0.24280575539568347 0.04436450839328538 0.0443645083932854
4 0.8818944844124701 0.2985611510791367 0.03237410071942449 0.05035971223021583
3 0.591726618705036 0.2829736211031175 0.039568345323741025 0.05035971223021583
3 0.07673860911270984 0.2314148681055156 0.03357314148681056 0.03836930455635489
3 0.9244604316546763 0.2715827338129497 0.031175059952038283 0.039568345323741025
