2 0.7709832134292566 0.22901678657074342 0.08153477218225419 0.05995203836930454
2 0.8735011990407674 0.18465227817745802 0.09472422062350133 0.06235011990407676
2 0.5581534772182254 0.2386091127098321 0.0995203836930456 0.08393285371702636
2 0.37170263788968827 0.2092326139088729 0.09352517985611514 0.08752997601918462
2 0.3057553956834532 0.27398081534772184 0.07434052757793762 0.06834532374100721
2 0.0737410071942446 0.28896882494004794 0.08992805755395683 0.07194244604316548
3 0.05695443645083933 0.3477218225419664 0.022781774580335732 0.02637889688249395
9 0.07134292565947242 0.5329736211031175 0.12589928057553956 0.24820143884892082
9 0.3543165467625899 0.4778177458033573 0.11151079136690648 0.288968824940048
9 0.5539568345323741 0.4628297362110312 0.1486810551558753 0.26378896882494
9 0.7829736211031175 0.4634292565947242 0.13669064748201434 0.2482014388489209
9 0.8980815347721822 0.46642685851318944 0.12470023980815341 0.30695443645083936
4 0.8651079136690647 0.25359712230215825 0.029976019184652217 0.04196642685851319
4 0.7583932853717026 0.29256594724220625 0.027577937649880084 0.03836930455635493
4 0.5695443645083933 0.3081534772182254 0.031175059952038425 0.040767386091127095
4 0.3968824940047962 0.28477218225419665 0.031175059952038352 0.04436450839328536
4 0.09412470023980817 0.3561151079136691 0.0275779376498801 0.040767386091127025
10 0.27577937649880097 0.9700239808153478 0.06954436450839328 0.04796163069544363
10 0.5533573141486811 0.961630695443645 0.06594724220623505 0.05995203836930457
10 0.6456834532374099 0.961630695443645 0.07793764988009584 0.052757793764988035
10 0.7482014388489208 0.9142685851318945 0.05755395683453244 0.06834532374100717
10 0.8369304556354916 0.9262589928057554 0.05515587529976017 0.08752997601918466
8 0.6264988009592326 0.4244604316546763 0.05155875299760197 0.040767386091127164
8 0.09412470023980817 0.6354916067146283 0.04436450839328538 0.07194244604316552
