9 0.6068083714846304 0.6534772182254196 0.2800654022236756 0.5635491606714628
9 0.27767168083714844 0.6810551558752997 0.24894702419882275 0.6163069544364508
12 0.15000654022236756 0.7865707434052758 0.1851144538914323 0.2853717026378898
12 0.7859385219097449 0.8992805755395683 0.21862655330281228 0.18465227817745813
4 0.6151863963374754 0.2871702637889688 0.08776978417266186 0.14268585131894482
4 0.253734466971877 0.29196642685851315 0.06702419882275996 0.13549160671462826
7 0.6139895356442118 0.19784172661870503 0.1045258338783517 0.07434052757793765
7 0.2573250490516677 0.19244604316546762 0.09175931981687374 0.10191846522781774
0 0.6969718770438195 0.22781774580335729 0.06782210595160237 0.16546762589928057
0 0.5389862655330281 0.2290167865707434 0.05824722040549382 0.1510791366906475
0 0.34988227599738386 0.2541966426858513 0.0742053629823414 0.15587529976019185
0 0.19189666448659254 0.1948441247002398 0.05345977763243951 0.1474820143884892
5 0.2928319162851537 0.1091127098321343 0.2090516677567037 0.1774580335731415
5 0.614388489208633 0.09232613908872903 0.15319816873773717 0.15347721822541968
