10 0.29556354916067146 0.7398081534772183 0.05875299760191844 0.08153477218225433
10 0.16786570743405274 0.7553956834532375 0.09112709832134291 0.062350119904076566
10 0.35551558752997603 0.6684652278177459 0.06594724220623505 0.08033573141486812
10 0.6217026378896883 0.5683453237410072 0.04676258992805742 0.040767386091127025
2 0.20083932853717026 0.40407673860911275 0.07074340527577938 0.08153477218225419
2 0.33213429256594723 0.31894484412470026 0.04556354916067143 0.07434052757793765
2 0.41906474820143885 0.30695443645083936 0.04196642685851316 0.02877697841726615
2 0.6235011990407674 0.35371702637889685 0.04316546762589915 0.0431654676258993
2 0.8255395683453237 0.36091127098321335 0.03237410071942435 0.052757793764987966
9 0.2026378896882494 0.5209832134292566 0.11990407673860909 0.16426858513189452
9 0.3093525179856115 0.43225419664268583 0.08153477218225415 0.16906474820143885
9 0.4490407673860911 0.4268585131894484 0.06354916067146277 0.1462829736211031
9 0.6151079136690647 0.44124700239808157 0.0455635491606715 0.11510791366906474
9 0.7979616306954437 0.41666666666666674 0.061151079136690496 0.08752997601918466
10 0.48980815347721823 0.6270983213429256 0.044364508393285436 0.0575539568345323
