8 0.9178657074340528 0.2943645083932854 0.16426858513189443 0.24340527577937648
8 0.8830935251798562 0.16426858513189452 0.16906474820143885 0.2350119904076739
2 0.6139213507123987 0.0773381294964029 0.1966676414727592 0.1546762589928058
2 0.2146407751728305 0.0905275779376499 0.38371800118498955 0.1810551558752998
2 0.3944844124700239 0.23980815347721823 0.2134292565947242 0.2709832134292566
4 0.6247002398081534 0.21762589928057552 0.0647482014388489 0.1258992805755395
3 0.5545563549160671 0.19244604316546762 0.03717026378896882 0.06354916067146284
7 0.6217026378896883 0.12829736211031176 0.09232613908872907 0.0647482014388489
7 0.4586330935251798 0.3021582733812949 0.08752997601918466 0.0983213429256595
3 0.3669064748201438 0.4016786570743405 0.06954436450839331 0.08153477218225426
4 0.5011990407673861 0.39748201438848924 0.09112709832134293 0.14028776978417262
3 0.27817745803357313 0.22482014388489208 0.07194244604316548 0.13788968824940048
