2 0.7374100719424461 0.15707434052757793 0.1702637889688249 0.18465227817745805
2 0.4814273459162358 0.06414868105515588 0.15949737768379052 0.12829736211031176
2 0.2056479694174348 0.08453237410071943 0.2170513345183228 0.16906474820143885
13 0.7595923261390888 0.63189448441247 0.2218225419664269 0.5035971223021581
13 0.12050359712230216 0.6432853717026379 0.24100719424460432 0.7014388489208634
13 0.4772182254196643 0.5581534772182254 0.2589928057553957 0.6294964028776978
7 0.5113908872901679 0.1276978417266187 0.06834532374100726 0.03237410071942445
7 0.24520383693045564 0.15587529976019185 0.06354916067146284 0.05755395683453237
7 0.763189448441247 0.2260191846522782 0.10671462829736214 0.05395683453237407
8 0.24040767386091125 0.8615107913669064 0.10431654676258997 0.1306954436450839
8 0.5545563549160671 0.8255395683453238 0.06354916067146292 0.12589928057553962
8 0.6792565947242207 0.8717026378896883 0.09232613908872914 0.13429256594724223
8 0.8884892086330934 0.7428057553956835 0.09352517985611514 0.09952038369304546
8 0.34232613908872905 0.644484412470024 0.118705035971223 0.08992805755395679
4 0.7769784172661871 0.2901678657074341 0.0503597122302159 0.09832134292565943
4 0.5173860911270984 0.19184652278177455 0.05635491606714631 0.09352517985611511
4 0.25 0.22482014388489213 0.053956834532374105 0.11390887290167867
3 0.1552757793764988 0.16606714628297362 0.053956834532374105 0.07793764988009592
3 0.43884892086330934 0.14808153477218225 0.0431654676258993 0.07314148681055155
3 0.6900479616306954 0.2691846522781775 0.04916067146282984 0.07314148681055155
