2 0.2715827338129496 0.31714628297362113 0.16666666666666669 0.10911270983213431
2 0.672661870503597 0.408872901678657 0.0959232613908872 0.09592326139088733
2 0.8830935251798562 0.4088729016786571 0.11630695443645095 0.08153477218225419
7 0.8812949640287769 0.46462829736211037 0.062350119904076705 0.029976019184652286
7 0.683453237410072 0.46462829736211037 0.05995203836930457 0.027577937649880157
7 0.29076738609112707 0.3902877697841727 0.05875299760191851 0.029976019184652286
8 0.7476019184652277 0.8788968824940048 0.05155875299760197 0.08872901678657072
8 0.5455635491606715 0.8591127098321343 0.05515587529976024 0.07314148681055144
8 0.34772182254196643 0.6115107913669064 0.05995203836930454 0.07434052757793765
9 0.6486810551558753 0.6978417266187051 0.18225419664268577 0.3405275779376499
9 0.8764988009592326 0.6486810551558753 0.19184652278177453 0.2565947242206235
9 0.23081534805166426 0.6223021880209345 0.21942446043165467 0.31654676258992803
4 0.8800959232613909 0.49640287769784175 0.04316546762589923 0.03836930455635496
4 0.6804556354916067 0.49580335731414865 0.039568345323740886 0.041966426858513234
4 0.30335731414868106 0.4382494004796163 0.04316546762589923 0.06115107913669064
3 0.6342925659472423 0.4676258992805755 0.02877697841726615 0.03836930455635489
