2 0.5977218221296643 0.13189452407587424 0.31534772182254195 0.24700239808153476
2 0.35371702637889685 0.42206235011990406 0.23980815347721823 0.17266187050359705
0 0.5203836930455635 0.2973621103117506 0.1558752997601919 0.22062350119904078
0 0.7553956834532375 0.21282973621103118 0.09592326139088726 0.20743405275779372
0 0.28357314148681056 0.4586330935251799 0.11630695443645084 0.18824940047961633
4 0.6792565947242207 0.30695443645083936 0.1402877697841727 0.15107913669064746
4 0.3752997601918465 0.5707434052757794 0.07913669064748191 0.08393285371702632
7 0.38669064748201437 0.513189448441247 0.08033573141486805 0.06474820143884898
7 0.6408872901678657 0.224220623501199 0.14988009592326137 0.0935251798561151
8 0.5059952038369304 0.46043165467625896 0.0863309352517986 0.09352517985611514
8 0.3770983213429257 0.6990407673860912 0.14268585131894487 0.12709832134292562
9 0.7266187050359713 0.5317745803357314 0.46522781774580335 0.5671462829736211
9 0.22002398081534771 0.7158273381294964 0.4184652278177458 0.23021582733812948
