4 0.34509483322432954 0.3645083932853717 0.08537606278613474 0.14148681055155876
4 0.6949771092217135 0.17446043165467628 0.08617396991497714 0.11630695443645084
0 0.4021451929365598 0.2559952038369304 0.0750032701111838 0.1546762589928057
0 0.5852648790058861 0.1876498800959233 0.10931327665140614 0.17146282973621105
0 0.2649051667756704 0.35011990407673865 0.07500327011118375 0.17985611510791366
5 0.30559843034663176 0.17565947242206234 0.18192282537606275 0.17625899280575547
5 0.5956459750966981 0.06954436450839328 0.16677919675977954 0.13908872901678657
7 0.6602681491170699 0.08932853717026379 0.09335513407455856 0.1067146282973621
7 0.3287377370830608 0.2745803357314148 0.09894048397645523 0.07194244604316548
12 0.8996402877697841 0.578537170263789 0.1539960758665795 0.2721822541966427
9 0.8038914323086985 0.5623501199040767 0.3407063440156965 0.48920863309352514
9 0.4069326357096141 0.6546762589928058 0.2585219097449313 0.5563549160671463
