2 0.19784172661870503 0.4052757793764988 0.07913669064748201 0.07194244604316545
2 0.32733812949640284 0.3129496402877698 0.06714628297362105 0.0599520383693045
2 0.4184652278177458 0.3051558752997602 0.0431654676258993 0.03477218225419662
2 0.6187050359712231 0.3507194244604317 0.04796163069544363 0.04196642685851316
2 0.8213429256594725 0.35731414868105515 0.038369304556354816 0.031175059952038425
10 0.1672661870503597 0.7482014388489209 0.058752997601918454 0.07194244604316538
10 0.29376498800959233 0.7356115107913669 0.05515587529976017 0.08992805755395693
10 0.3513189448441247 0.6702637889688251 0.0455635491606715 0.07194244604316552
10 0.4976019184652278 0.632494004796163 0.04796163069544363 0.04676258992805757
10 0.619904076738609 0.5671462829736211 0.0455635491606715 0.04316546762589923
2 0.47302158273381295 0.3105515587529976 0.03237410071942449 0.03357314148681056
9 0.2002398081534772 0.5317745803357314 0.11750599520383691 0.16666666666666657
9 0.3123501199040767 0.4364508393285372 0.08033573141486812 0.1702637889688249
9 0.4448441247002398 0.4268585131894484 0.06954436450839331 0.1462829736211031
9 0.61810551558753 0.43585131894484413 0.05635491606714631 0.10911270983213427
9 0.8039568345323741 0.4232613908872902 0.049160671462829555 0.09112709832134293
