9 0.20383693045563547 0.5215827338129497 0.13429256594724218 0.15587529976019185
9 0.3123501199040768 0.4370503597122303 0.08752997601918469 0.16666666666666663
9 0.4508393285371703 0.43405275779376495 0.062350119904076774 0.14628297362110318
9 0.61810551558753 0.44124700239808157 0.05875299760191851 0.11270983213429261
9 0.8111510791366906 0.420263788968825 0.04916067146282984 0.08033573141486812
2 0.19544364508393286 0.3980815347721823 0.07673860911270981 0.06714628297362112
2 0.31834532374100716 0.3219424460431655 0.08033573141486812 0.05875299760191844
2 0.42206235011990406 0.30695443645083936 0.03357314148681056 0.026378896882494018
2 0.6175059952038369 0.35011990407673865 0.0479616306954437 0.040767386091127025
2 0.8255395683453238 0.3579136690647482 0.04676258992805757 0.03717026378896882
10 0.2997601918465228 0.7338129496402876 0.05995203836930461 0.07673860911270979
10 0.16786570743405274 0.7601918465227817 0.05755395683453237 0.062350119904076705
10 0.35371702637889685 0.6684652278177459 0.04556354916067143 0.07553956834532385
10 0.49220623501199046 0.6258992805755396 0.04676258992805757 0.05755395683453244
10 0.6217026378896883 0.5701438848920863 0.04916067146282984 0.04436450839328529
