4 0.43884892086330934 0.4826139088729017 0.09592326139088726 0.23381294964028781
7 0.28177458033573144 0.42026378896882494 0.0887290167865708 0.16906474820143877
5 0.33333333333333337 0.1948441247002398 0.27817745803357313 0.2673860911270983
5 0.6408872901678657 0.3255395683453237 0.13069544364508404 0.13069544364508395
3 0.6468824940047962 0.41247002398081534 0.053956834532374105 0.0863309352517986
4 0.7218225419664269 0.45023980815347725 0.05515587529976017 0.0971223021582734
13 0.684652278177458 0.7583932853717026 0.3357314148681055 0.461630695443645
13 0.29797410850616385 0.8447242206235012 0.5527827493864284 0.3105515587529976
7 0.4232613908872902 0.31894484412470026 0.1294964028776979 0.14388489208633096
7 0.7050359712230215 0.3663069544364508 0.04796163069544363 0.04196642685851316
