1 0.7973621103117506 0.3992805755395683 0.0575539568345323 0.062350119904076705
1 0.5761390887290169 0.4556354916067146 0.08513189448441252 0.06474820143884898
1 0.2949640287769784 0.31774580335731417 0.07194244604316548 0.09352517985611514
11 0.30935251798561153 0.2685851318944844 0.08633093525179852 0.062350119904076774
11 0.7913669064748201 0.3495203836930456 0.06714628297362112 0.039568345323740955
11 0.5683453237410072 0.4004796163069544 0.06714628297362119 0.040767386091127025
12 0.5413669064748202 0.7817745803357314 0.06354916067146277 0.10311750599520395
12 0.3507194244604317 0.8489208633093526 0.08033573141486812 0.09832134292565939
12 0.7565947242206235 0.8483213429256594 0.07434052757793765 0.11870503597122294
12 0.9148681055155876 0.9244604316546763 0.07673860911270979 0.13908872901678648
