10 0.19724220623501199 0.145083932853717 0.24100719424460437 0.15107913669064746
10 0.25779376498800954 0.22901678657074342 0.22302158273381292 0.14388489208633096
10 0.4976019184652279 0.15467625899280577 0.2374100719424461 0.14628297362110312
10 0.5353717026378897 0.22002398081534771 0.22901678657074342 0.17865707434052763
10 0.7721822541966427 0.15047961630695444 0.20623501199040775 0.14028776978417265
10 0.8045563549160671 0.23021582733812948 0.22541966426858495 0.1486810551558753
10 0.775179856115108 0.42386091127098324 0.20503597122302153 0.14988009592326143
10 0.8105515587529976 0.5149880095923262 0.237410071942446 0.16426858513189443
10 0.7655875299760191 0.75 0.21702637889688248 0.1450839328537171
10 0.8057553956834533 0.8285371702637889 0.2254196642685851 0.17745803357314144
10 0.5341726618705036 0.8417266187050361 0.21223021582733814 0.1582733812949641
10 0.5047961630695444 0.7320143884892086 0.22781774580335734 0.17386091127098324
10 0.2511990407673861 0.8345323741007193 0.23621103117505993 0.16067146282973624
10 0.1960431654676259 0.7344124700239809 0.23381294964028776 0.20023980815347728
10 0.24940047961630696 0.5263788968824941 0.23261390887290165 0.14628297362110318
10 0.19784172661870505 0.4268585131894484 0.23261390887290168 0.16306954436450838
10 0.4898081534772183 0.43405275779376495 0.2242206235011991 0.17505995203836924
10 0.5263788968824941 0.5335731414868106 0.23980815347721823 0.1630695443645083
