2 0.21043165467625902 0.13489208633093525 0.315347721822542 0.2553956834532374
2 0.5785371702637889 0.1552757793764988 0.197841726618705 0.18105515587529974
4 0.5689448441247003 0.3345323741007194 0.07793764988009592 0.11031175059952045
3 0.20743405275779372 0.2931654676258993 0.0551558752997602 0.09472422062350123
7 0.5761390887290169 0.2565947242206235 0.12110311750599521 0.0551558752997602
3 0.6492805755395685 0.29376498800959233 0.0419664268585133 0.07194244604316548
8 0.710431654676259 0.8447242206235012 0.1618705035971223 0.19304556354916072
8 0.5815347721822541 0.6378896882494004 0.12709832134292562 0.16306954436450838
8 0.5455635491606715 0.4958033573141487 0.09832134292565947 0.17386091127098324
8 0.47302158273381295 0.474820143884892 0.133093525179856 0.1870503597122302
4 0.2931654676258993 0.3369304556354916 0.053956834532374105 0.09112709832134289
9 0.19365756174357387 0.7026378896882494 0.29618802516580484 0.5947242206235012
9 0.6223146360841014 0.7218225419664269 0.3261141331075764 0.5563549160671463
