11 0.5713429256594724 0.2619904076738609 0.12589928057553962 0.08273381294964033
13 0.6013189448441247 0.7068345323741008 0.4256594724220624 0.5503597122302157
0 0.6684652278177459 0.2691846522781775 0.05635491606714624 0.1954436450839329
0 0.5035971223021583 0.2979616306954436 0.04316546762589923 0.11870503597122305
5 0.5851318944844125 0.1606714628297362 0.21342925659472428 0.105515587529976
8 0.6930455635491606 0.9100719424460431 0.1294964028776978 0.1438848920863309
4 0.5605515587529976 0.35011990407673865 0.07074340527577938 0.11510791366906474
10 0.8884892086330936 0.11510791366906474 0.14148681055155876 0.19424460431654678
10 0.7452038369304558 0.11750599520383692 0.106714628297362 0.19904076738609114
10 0.8836930455635492 0.3735011990407674 0.13669064748201434 0.20983213429256597
10 0.7488009592326139 0.3872901678657074 0.1115107913669064 0.17745803357314152
