2 0.5269784172661871 0.15827338129496404 0.1810551558752998 0.2901678657074341
2 0.7937774658203125 0.10551558752997602 0.18707531533367075 0.21103117505995203
13 0.4910071942446044 0.5287769784172661 0.31294964028776984 0.448441247002398
8 0.8741007194244605 0.7559952038369304 0.12709832134292567 0.12829736211031162
8 0.7074340527577938 0.7679856115107913 0.09592326139088726 0.1810551558752998
8 0.48621103117506 0.7937649880095923 0.14748201438848915 0.10791366906474821
9 0.8105515587529976 0.5029976019184652 0.33573141486810554 0.5023980815347722
4 0.7769784172661871 0.2709832134292566 0.04796163069544377 0.06474820143884895
4 0.5143884892086331 0.3255395683453237 0.06954436450839331 0.06354916067146284
3 0.45803357314148685 0.22122302158273377 0.03597122302158276 0.06354916067146281
