2 0.41067146282973627 0.25059952038369304 0.1019184652278178 0.14628297362110312
5 0.6468824940047962 0.2529976019184652 0.12110311750599521 0.17505995203836933
5 0.21882494004796166 0.39988009592326135 0.18345323741007197 0.15707434052757796
3 0.25479616306954433 0.5293764988009592 0.0515587529976019 0.10191846522781767
8 0.42326139088729015 0.5827338129496402 0.08872901678657072 0.08872901678657072
8 0.6474820143884892 0.5785371702637889 0.08153477218225419 0.077937649880096
9 0.6564748201438849 0.5905275779376499 0.19304556354916066 0.4688249400479616
9 0.39748201438848924 0.60971216080487 0.17865707434052755 0.45683453237410065
9 0.1960431654676259 0.8075539568345325 0.2937649880095923 0.36810551558752996
4 0.6300959232613909 0.38848920863309355 0.039568345323741025 0.050359712230215764
4 0.43884892086330934 0.36091127098321346 0.0431654676258993 0.05995203836930457
