11 0.7575785465377699 0.13069544364508393 0.07424544739208642 0.11750599520383692
11 0.6232951139088729 0.21942446043165467 0.06966239508393286 0.07673860911270981
11 0.5114686375899281 0.3770983213429257 0.05866306954436453 0.03717026378896882
4 0.774994145308753 0.26318944844124703 0.10357698216426868 0.12829736211031176
4 0.6223785034472422 0.2805755395683453 0.056829848621103095 0.07434052757793769
4 0.5146767742056356 0.4136690647482014 0.03208136615707438 0.04556354916067143
12 0.4147662338878898 0.6390887290167866 0.10724342401079134 0.1031175059952038
12 0.4844286289718226 0.8800959232613909 0.18973836555755397 0.11270983213429248
12 0.6737086892985613 0.7667865707434052 0.07149561600719423 0.1474820143884891
5 0.640252407449041 0.15467625899280577 0.14574106339928064 0.11510791366906475
5 0.5146767742056355 0.33932853717026373 0.08157833108513188 0.06235011990407667
5 0.8437289231115108 0.04196642685851319 0.3125421537769783 0.08393285371702638
3 0.690665982838729 0.20323741007194243 0.02658170338729022 0.04676258992805757
3 0.5481330560551559 0.38848920863309355 0.012832546462829839 0.031175059952038283
