11 0.7644531250000002 0.13189448441247 0.08432816247002392 0.11750599520383692
11 0.6214618929856116 0.2224220623501199 0.06599595323741013 0.07314148681055155
11 0.5119269428207435 0.37889688249400477 0.05591323815947249 0.03597122302158276
4 0.7804938080785374 0.262589928057554 0.11640952862709825 0.12949640287769784
4 0.6287947766786571 0.2829736211031175 0.0641627323141487 0.07673860911270981
4 0.5155933846672663 0.41486810551558756 0.03941424985011999 0.040767386091127095
3 0.6892910671462832 0.20203836930455638 0.027498313848920902 0.049160671462829736
3 0.5499662769784173 0.38489208633093525 0.01649898830935257 0.03357314148681056
5 0.5142184689748202 0.33872901678657075 0.0733288369304556 0.05155875299760194
5 0.6452937649880096 0.15047961630695444 0.13749156924460423 0.10191846522781774
5 0.841437396957434 0.053956834532374105 0.3171252060851319 0.10551558752997602
12 0.41751606527278184 0.644484412470024 0.10357698216426854 0.11630695443645081
12 0.6750836049910072 0.7727817745803358 0.06507934277577945 0.12829736211031176
12 0.4738876086630696 0.8776978417266187 0.16315666217026376 0.091127098321343
