2 0.7008393285371701 0.22422062350119906 0.20983213429256595 0.13908872901678657
2 0.44544364508393286 0.12050359712230214 0.14988009592326143 0.15227817745803357
2 0.21642685851318944 0.289568345323741 0.12350119904076734 0.14028776978417262
8 0.3770983213429256 0.5173860911270983 0.12829736211031173 0.10911270983213427
8 0.287782261983382 0.9495819970000562 0.06712132735218074 0.10060284292097578
9 0.7188249400479617 0.7344124700239809 0.30095923261390894 0.5191846522781774
9 0.45923261390887293 0.6324940047961631 0.24700239808153476 0.5839328537170264
9 0.21582733812949642 0.6756594724220624 0.20623501199040767 0.4256594724220624
4 0.18645083932853715 0.4028776978417266 0.04676258992805753 0.06714628297362112
4 0.39148681055155876 0.2733812949640288 0.03717026378896875 0.07434052757793765
4 0.6241007194244604 0.38609112709832133 0.05155875299760183 0.09352517985611514
7 0.6390887290167865 0.3231414868105516 0.052757793764987966 0.03717026378896882
12 0.40407673860911275 0.21582733812949642 0.0647482014388489 0.035971223021582725
7 0.18884892086330937 0.3507194244604317 0.06834532374100717 0.03717026378896882
3 0.24640287769784172 0.37170263788968827 0.039568345323741025 0.040767386091127095
3 0.7176258992805755 0.3447242206235012 0.04436450839328529 0.06354916067146281
3 0.473621103117506 0.23321342925659472 0.05035971223021583 0.07074340527577938
