2 0.6139088729016787 0.17865707434052758 0.06714628297362119 0.0815347721822542
2 0.48681055155875297 0.157673860911271 0.06954436450839324 0.08273381294964029
2 0.3489208633093525 0.144484412470024 0.07194244604316548 0.11151079136690649
2 0.24520383693045558 0.09772182254196643 0.08752997601918462 0.11390887290167867
9 0.2026378896882494 0.34832134292565947 0.10791366906474821 0.2937649880095923
9 0.48561151079136694 0.3591127098321343 0.09832134292565947 0.24100719424460432
9 0.6073141486810552 0.37649880095923266 0.08992805755395693 0.2661870503597123
9 0.32254196642685856 0.32434052757793763 0.11270983213429255 0.22901678657074342
8 0.30035971223021585 0.4742206235011991 0.049160671462829736 0.07074340527577945
8 0.3681055155875299 0.30455635491606714 0.03597122302158276 0.06954436450839328
8 0.47122302158273377 0.44964028776978415 0.040767386091127095 0.05755395683453244
10 0.22062350119904078 0.9022781774580335 0.1247002398081535 0.08992805755395679
10 0.26618705035971224 0.7973621103117506 0.052757793764988035 0.05995203836930443
10 0.33213429256594723 0.763189448441247 0.052757793764988 0.08033573141486812
10 0.41486810551558745 0.7595923261390888 0.052757793764987966 0.05875299760191851
10 0.6205035971223021 0.75 0.049160671462829694 0.07553956834532358
10 0.553357314148681 0.7182254196642686 0.053956834532374105 0.050359712230215764
