12 0.8717135382603007 0.7392086330935251 0.21782864617396983 0.15227817745803363
12 0.23099411379986917 0.9076738609112709 0.2050621321124918 0.18225419664268586
9 0.6143884892086331 0.6127098321342926 0.33352517985611513 0.5179856115107914
9 0.28485284499672986 0.7320143884892086 0.2744800523217789 0.4088729016786569
4 0.2182275997383911 0.43645083932853707 0.08856769130150426 0.13189448441247
4 0.5653172007848266 0.24460431654676257 0.09814257684761273 0.10791366906474817
7 0.5298103335513408 0.15407673860911272 0.0909614126880313 0.09232613908872903
7 0.2010725964682799 0.34352517985611514 0.11170699803793326 0.10191846522781774
5 0.5142594479547753 0.07973621103117505 0.15560849695598628 0.1594724220623501
5 0.23937213865271417 0.24280575539568347 0.20107259646827993 0.1522781774580336
0 0.30280575539568344 0.34832134292565947 0.07739699149771091 0.17865707434052763
0 0.6295487246566382 0.15347721822541968 0.09415304120340089 0.15587529976019185
0 0.47714846304774355 0.22302158273381295 0.0750032701111838 0.13908872901678662
0 0.14122956180510138 0.35311750599520386 0.06223675604970568 0.18105515587529983
