2 0.2775779376498801 0.17086330935251798 0.06354916067146288 0.05155875299760192
2 0.38669064748201437 0.18944844124700239 0.05155875299760197 0.052757793764988
2 0.4628297362110312 0.1852517985611511 0.0575539568345323 0.049160671462829736
10 0.49580335731414865 0.7769784172661871 0.05395683453237403 0.0503597122302159
10 0.45023980815347725 0.7637889688249401 0.06354916067146284 0.040767386091127095
10 0.23501199040767384 0.7769784172661871 0.04796163069544363 0.052757793764988035
10 0.3135491606714628 0.7571942446043167 0.06594724220623509 0.044364508393285436
13 0.4826139088729017 0.3513189448441247 0.06354916067146292 0.19664268585131897
13 0.3741007194244604 0.29256594724220625 0.105515587529976 0.06954436450839328
13 0.262589928057554 0.3633093525179856 0.0983213429256595 0.2014388489208633
7 0.4520383693045564 0.20803357314148685 0.02877697841726615 0.01798561151079138
7 0.3758992805755396 0.2134292565947242 0.027577937649880084 0.019184652278177446
7 0.2727817745803357 0.20143884892086333 0.03237410071942442 0.019184652278177446
8 0.23741007194244607 0.512589928057554 0.040767386091127095 0.041966426858513234
4 0.45143884892086333 0.2314148681055156 0.02278177458033575 0.031175059952038352
4 0.37410071942446044 0.23441247002398083 0.023980815347721743 0.029976019184652286
4 0.27278177458033576 0.22841726618705036 0.02757793764988012 0.03477218225419662
