2 0.4502398081534772 0.2553956834532374 0.1810551558752998 0.2733812949640288
2 0.7038369304556354 0.19424460431654678 0.14868105515587543 0.10071942446043167
2 0.8992805755395683 0.14808153477218228 0.20143884892086333 0.14988009592326137
3 0.9490407673860912 0.25 0.053956834532374105 0.08513189448441252
3 0.7302158273381295 0.2871702637889688 0.04556354916067136 0.05875299760191844
4 0.8525179856115108 0.29076738609112707 0.0503597122302159 0.10671462829736214
4 0.6570743405275778 0.30455635491606714 0.040767386091127025 0.0863309352517986
4 0.42805755395683454 0.447242206235012 0.06474820143884898 0.05755395683453237
7 0.8591127098321343 0.224220623501199 0.05875299760191865 0.03836930455635493
7 0.6678657074340528 0.2553956834532374 0.0503597122302159 0.031175059952038352
9 0.9076738609112709 0.6894484412470024 0.184652278177458 0.5491606714628299
9 0.7068345323741008 0.6306954436450839 0.22901678657074348 0.5107913669064748
9 0.460431654676259 0.7302158273381295 0.24940047961630696 0.513189448441247
