2 0.7314148681055156 0.31834532374100727 0.15347721822541957 0.10911270983213431
2 0.3255395683453237 0.408273381294964 0.10431654676258993 0.09472422062350126
2 0.12170263788968824 0.4052757793764988 0.12829736211031176 0.0887290167865708
7 0.6984412470023981 0.39448441247002397 0.04196642685851316 0.03357314148681056
7 0.31654676258992803 0.46043165467625896 0.052757793764988 0.03357314148681048
7 0.11870503580630214 0.46402878689426835 0.05995203836930457 0.026378896882494018
8 0.6546762589928058 0.6097122302158273 0.06954436450839324 0.06594724220623505
8 0.4520383693045564 0.8609112709832135 0.06714628297362105 0.07434052757793765
8 0.25059952038369304 0.8794964028776978 0.05035971223021583 0.08033573141486812
8 0.8363309352517986 0.9160671462829737 0.06834532374100717 0.0863309352517986
9 0.7709832134292566 0.6199040767386091 0.18944844124700239 0.34292565947242204
9 0.368705035971223 0.7038369304556354 0.19784172661870503 0.3645083932853717
9 0.12230215810846042 0.6594724418940523 0.211031175059952 0.27577937649880097
4 0.7008393285371701 0.4394484412470024 0.039568345323740886 0.05635491606714624
4 0.31474820143884896 0.4910071942446044 0.041966426858513234 0.04916067146282977
4 0.11690647482014388 0.5029976019184652 0.03956834532374101 0.03717026378896882
3 0.3657074340527578 0.4676258992805755 0.023980815347721816 0.03597122302158269
