9 0.16486810551558753 0.42565947242206237 0.16426858513189446 0.2182254196642686
9 0.3327338129496403 0.43884892086330934 0.1258992805755396 0.23501199040767382
9 0.5353717026378897 0.3992805755395683 0.13309352517985615 0.23501199040767382
9 0.6888489208633094 0.407673860911271 0.1354916067146283 0.24220623501199043
9 0.8387290167041103 0.4064747705646296 0.14988009592326137 0.2541966426858513
5 0.8333333333333333 0.19964028776978415 0.08153477218225419 0.04196642685851316
5 0.684652278177458 0.21103117505995203 0.07194244604316538 0.0431654676258993
5 0.5335731414868106 0.224220623501199 0.07434052757793765 0.04316546762589926
5 0.3363309352517986 0.24400479616306953 0.07314148681055159 0.049160671462829736
5 0.16007194244604314 0.23501199040767382 0.08273381294964029 0.0551558752997602
4 0.17625899280575538 0.29256594724220625 0.031175059952038387 0.03836930455635493
4 0.354916067146283 0.29256594724220625 0.026378896882494018 0.031175059952038387
4 0.5455635491606715 0.27577937649880097 0.023980815347721816 0.031175059952038387
4 0.6744604316546763 0.27038369304556353 0.034772182254196767 0.034772182254196655
4 0.8123501199040767 0.2559952038369305 0.03237410071942435 0.02997601918465225
7 0.8195443645083933 0.23201438848920866 0.03477218225419662 0.01798561151079138
7 0.6732613908872901 0.2446043165467626 0.03477218225419662 0.021582733812949683
7 0.5377697841726619 0.25359712230215825 0.039568345323741025 0.020383693045563582
7 0.16906474820143885 0.2691846522781775 0.04796163069544365 0.027577937649880084
3 0.3219424460431655 0.276378896882494 0.025179856115107882 0.029976019184652324
3 0.8483213429256594 0.24640287769784172 0.020383693045563547 0.027577937649880084
8 0.7218225419664269 0.33573141486810554 0.040767386091127095 0.0551558752997602
8 0.6199040767386091 0.3405275779376499 0.040767386091127095 0.047961630695443666
8 0.8453237410071942 0.4682254196642686 0.03836930455635496 0.05875299760191851
8 0.28597122302158273 0.5173860911270983 0.04196642685851316 0.03237410071942449
8 0.6025179856115108 0.5137889688249401 0.029976019184652286 0.03477218225419669
10 0.37829736211031173 0.8093525179856116 0.06115107913669064 0.0503597122302159
10 0.6732613908872902 0.7961630695443646 0.04196642685851316 0.04796163069544363
10 0.7170263788968825 0.7709832134292566 0.04556354916067136 0.04796163069544363
10 0.8273381294964028 0.7559952038369304 0.0455635491606715 0.04916067146282984
10 0.8908872901678657 0.7607913669064749 0.05995203836930472 0.07314148681055144
10 0.3291366906474821 0.7919664268585132 0.039568345323740955 0.05635491606714624
10 0.5077937649880095 0.7901678657074342 0.05635491606714631 0.0455635491606715
