2 0.43884892086330934 0.26498800959232616 0.105515587529976 0.0887290167865708
2 0.17565947242206234 0.26378896882494 0.10911270983213432 0.0935251798561151
2 0.8339328537170263 0.25059952038369304 0.12829736211031176 0.09592326139088726
2 0.737410071942446 0.34772182254196643 0.10311750599520395 0.07434052757793765
4 0.814748201438849 0.34832134292565947 0.0371702637889689 0.04676258992805757
4 0.4226618705035971 0.35371702637889685 0.039568345323741025 0.0431654676258993
9 0.4628297362110312 0.5581534772182254 0.2038369304556356 0.3057553956834532
9 0.1486810551558753 0.5581534772182254 0.18225419664268586 0.341726618705036
9 0.8435251798561151 0.5911270983213428 0.23381294964028768 0.36690647482014377
4 0.18465227817745805 0.3555155875299761 0.028776978417266185 0.039568345323740955
7 0.8189448441247003 0.31534772182254195 0.0575539568345323 0.03357314148681056
7 0.42565947242206237 0.3231414868105516 0.050359712230215764 0.022781774580335715
3 0.13848920863309352 0.3255395683453237 0.025179856115107917 0.04436450839328536
3 0.46882494004796166 0.32194244604316546 0.026378896882494018 0.04196642685851312
3 0.8639088729016785 0.329736211031175 0.03477218225419662 0.045563549160671464
