2 0.23621103117505995 0.17026378896882494 0.17266187050359708 0.13189448441247
2 0.39688249400479614 0.12709832134292565 0.1558752997601918 0.09592326139088726
2 0.7769784172661871 0.144484412470024 0.22062350119904095 0.13549160671462832
4 0.4118705035971223 0.2392086330935252 0.04436450839328536 0.05635491606714627
4 0.28117505995203834 0.29256594724220625 0.039568345323741066 0.057553956834532335
7 0.26798561151079137 0.25479616306954433 0.053956834532374105 0.03237410071942445
7 0.40827338129496404 0.19664268585131894 0.06834532374100717 0.03357314148681056
3 0.3531175059952038 0.19964028776978415 0.029976019184652286 0.04676258992805757
3 0.7823741007194245 0.24580335731414865 0.039568345323741025 0.05035971223021583
4 0.7308153477218226 0.2775779376498801 0.04196642685851316 0.05635491606714627
13 0.7907673860911271 0.5683453237410072 0.2673860911270984 0.5035971223021583
8 0.4694244604316547 0.5905275779376499 0.08752997601918466 0.10671462829736207
8 0.223621103117506 0.7871702637889689 0.05875299760191844 0.07074340527577945
9 0.21582733812949642 0.5605515587529976 0.1726618705035971 0.4544364508393285
9 0.36930455635491605 0.4910071942446044 0.16786570743405274 0.3681055155875301
