11 0.5692086330935252 0.2595923261390887 0.13076956616524968 0.07314148681055155
4 0.5627904948768259 0.3495203836930456 0.058565511227381746 0.11630695443645084
0 0.6731022454763462 0.302757793764988 0.05134510573359492 0.1402877697841727
5 0.5904687159363419 0.1630695443645084 0.19575321560933062 0.09112709832134294
13 0.5756267713102247 0.7218225419664269 0.31689557444953137 0.5539568345323741
8 0.6903509919337258 0.9082733812949642 0.11311968606932638 0.14268585131894482
10 0.8929234793982996 0.12290167865707435 0.1379899716590363 0.19784172661870505
10 0.7453063004142141 0.11930455635491606 0.09787660780466538 0.2146282973621103
10 0.881290603880532 0.38848920863309344 0.1275604970568999 0.23261390887290168
10 0.7533289731850883 0.37889688249400477 0.09306300414214079 0.17985611510791372
