2 0.724820143884892 0.4598321342925659 0.4232613908872901 0.1306954436450839
2 0.40767386091127095 0.1726618705035971 0.237410071942446 0.1462829736211031
3 0.803357314148681 0.5539568345323741 0.05755395683453244 0.06954436450839324
4 0.6229016786570744 0.6025179856115108 0.07314148681055159 0.08992805755395686
4 0.4004796163069544 0.30035971223021585 0.08393285371702638 0.06354916067146281
7 0.3956834532374101 0.2517985611510791 0.11990407673860908 0.035971223021582725
7 0.6306954436450839 0.540167865707434 0.0959232613908872 0.053956834532374105
9 0.7973745881224708 0.8213429256594725 0.3932604160811975 0.35731414868105515
9 0.38609112709832133 0.48621103117506 0.36690647482014394 0.26498800959232616
3 0.4886091127098321 0.2619904076738609 0.039568345323740955 0.04676258992805757
8 0.17026378896882494 0.6756594724220624 0.20623501199040767 0.12829736211031167
8 0.14688249400479617 0.5215827338129496 0.1354916067146283 0.11750599520383688
