11 0.5353717026378897 0.20983213429256595 0.06115107913669071 0.035971223021582725
12 0.6247002398081535 0.4880095923261391 0.0959232613908874 0.0863309352517986
12 0.5941247002398081 0.605515587529976 0.04676258992805757 0.10551558752997607
10 0.5275904154606004 0.9544364508393286 0.07436548319937807 0.09112709832134286
10 0.4382494004796163 0.9220623501199041 0.07074340527577938 0.11031175059952034
13 0.5089928057553956 0.43405275779376495 0.17625899280575538 0.2541966426858513
1 0.5305755395683452 0.27697841726618705 0.06115107913669057 0.05995203836930454
5 0.5143884892086331 0.1774580335731415 0.11270983213429261 0.0695443645083933
3 0.48381294964028776 0.22961630695443647 0.03237410071942449 0.039568345323741025
2 0.7811750599520383 0.5587529976019185 0.14268585131894482 0.11510791366906481
8 0.8866906474820143 0.5503597122302157 0.09952038369304546 0.1294964028776978
