2 0.22901678657074342 0.3597122302158273 0.19904076738609114 0.08872901678657072
2 0.44784172661870497 0.3627098321342926 0.18824940047961625 0.08513189448441245
2 0.7464028776978416 0.39628297362110315 0.1618705035971223 0.10431654676258993
9 0.7260191846522781 0.6762589928057554 0.25299760191846515 0.3213429256594724
9 0.4508393285371703 0.6474820143884892 0.2637889688249401 0.3381294964028777
9 0.17925659579620631 0.588728887880507 0.29376498800959233 0.25659472422062346
8 0.33393285487147245 0.6648680361046303 0.12350119904076742 0.10431654676259
8 0.5389688249400479 0.6684652278177459 0.09952038369304553 0.07553956834532385
4 0.45143884892086333 0.4502398081534772 0.06115107913669071 0.04676258992805757
4 0.2511990407673861 0.4394484412470024 0.06834532374100717 0.04676258992805757
4 0.7266187050359713 0.47961630695443647 0.062350119904076705 0.040767386091127095
7 0.448441247002398 0.4154676258992806 0.105515587529976 0.04196642685851316
7 0.2523980815347722 0.4088729016786571 0.09952038369304557 0.03357314148681056
