2 0.3063549160671463 0.23980815347721823 0.1762589928057554 0.15827338129496404
2 0.5623501199040768 0.1366906474820144 0.1486810551558753 0.14628297362110312
2 0.7811750599520384 0.29076738609112707 0.1354916067146283 0.13069544364508398
4 0.815347721822542 0.39988009592326135 0.03597122302158283 0.07074340527577938
4 0.6067146282973621 0.2721822541966427 0.03836930455635489 0.07913669064748202
4 0.36870503597122306 0.3824940047961631 0.041966426858513234 0.10071942446043167
8 0.6199040767386091 0.5203836930455635 0.13908872901678657 0.13669064748201434
9 0.5407673860911271 0.6294964028776978 0.2517985611510791 0.5635491606714629
9 0.2841726618705036 0.7332134292565946 0.3117505995203837 0.5119904076738608
9 0.7841726618705036 0.6894484412470024 0.1726618705035972 0.46522781774580346
3 0.7488009592326139 0.36990407673860914 0.03237410071942449 0.0515587529976019
3 0.525779376498801 0.2356115107913669 0.0395683453237411 0.07553956834532376
7 0.3561151079136691 0.31654676258992803 0.0599520383693045 0.03357314148681048
7 0.8123501199040767 0.3519184652278177 0.04916067146282984 0.03237410071942442
12 0.592925659472422 0.2116306954436451 0.06594724220623505 0.03956834532374099
8 0.7080335731414868 0.9430455635491607 0.06834532374100717 0.1115107913669064
