2 0.5629496402877697 0.2685851318944844 0.09952038369304553 0.09352517985611505
2 0.15947242206235013 0.25359712230215825 0.1247002398081535 0.09952038369304557
2 0.8291366906474821 0.26199040767386095 0.12589928057553962 0.09232613908872903
9 0.8639088729016785 0.5587529976019185 0.17865707434052766 0.33573141486810554
9 0.5515587529976019 0.5497601918465227 0.21342925659472428 0.29376498800959233
9 0.15647482014388492 0.5983213429256594 0.2505995203836931 0.38609112709832133
2 0.26318944844124703 0.35431654676258995 0.09472422062350119 0.07074340527577942
4 0.5731414868105515 0.3513189448441247 0.03357314148681063 0.04796163069544363
4 0.18645083932853715 0.3519184652278177 0.03237410071942445 0.04676258992805757
7 0.18045563549160673 0.31115107913669066 0.05635491606714631 0.027577937649880084
7 0.5719424460431655 0.3207434052757794 0.052757793764988035 0.01798561151079138
4 0.8093525179856116 0.354916067146283 0.03357314148681056 0.02877697841726615
3 0.5335731414868106 0.32793764988009594 0.03357314148681056 0.03477218225419662
3 0.8567146282973621 0.3237410071942446 0.03477218225419662 0.035971223021582725
3 0.1366906474820144 0.329736211031175 0.040767386091127095 0.045563549160671464
