10 0.3681055155875299 0.8537170263788968 0.05035971223021583 0.05515587529976017
10 0.43045563549160676 0.8489208633093526 0.08393285371702638 0.05515587529976017
10 0.605515587529976 0.8459232613908872 0.07913669064748191 0.049160671462829694
5 0.4142685851318945 0.18884892086330937 0.08273381294964026 0.0443645083932854
5 0.5905275779376499 0.2278177458033573 0.06354916067146284 0.07434052757793765
8 0.7020383693045563 0.47422062350119903 0.04676258992805771 0.03717026378896882
8 0.4502398081534772 0.45323741007194246 0.039568345323741025 0.04796163069544363
9 0.6139088729016785 0.3986810749875774 0.15347721822541963 0.22901678657074345
9 0.4046762589928058 0.3842925659472422 0.14508393285371704 0.22661870503597129
4 0.4130695443645084 0.25839328537170264 0.03237410071942449 0.03717026378896882
4 0.592326139088729 0.29076738609112707 0.031175059952038425 0.0371702637889689
3 0.6223021582733813 0.2476019184652278 0.021582733812949614 0.02997601918465225
3 0.38968824940047964 0.2260191846522782 0.021582733812949683 0.03717026378896886
