9 0.4448441247002398 0.6510791366906474 0.3357314148681055 0.60431654676259
9 0.16128346102414945 0.7434052757793765 0.3009841882353492 0.513189448441247
8 0.6516786570743405 0.45143884892086333 0.1594724220623501 0.20743405275779372
7 0.448441247002398 0.2344124700239808 0.05755395683453237 0.065947242206235
7 0.22002398081534771 0.27398081534772184 0.08992805755395686 0.05395683453237414
4 0.24400479616306953 0.36990407673860914 0.05635491606714624 0.1546762589928057
4 0.4676258992805756 0.3117505995203837 0.05995203836930457 0.08633093525179855
5 0.40407673860911275 0.1594724220623501 0.17985611510791366 0.15587529976019182
5 0.15047961630695442 0.17326139088729015 0.2601918465227817 0.17146282973621105
3 0.13189448441247 0.33872901678657075 0.07434052757793765 0.1067146282973621
3 0.3729016786570743 0.29376498800959233 0.05995203836930457 0.07673860911270979
