2 0.45803357314148685 0.22661870503597123 0.07913669064748205 0.052757793764987966
5 0.6708633093525179 0.21762589928057555 0.09952038369304546 0.06354916067146284
5 0.2577937649880096 0.23800959232613905 0.10311750599520388 0.06834532374100714
5 0.08872901678657075 0.18225419664268586 0.1726618705035971 0.11031175059952038
3 0.1223021582733813 0.2721822541966427 0.047961630695443666 0.07194244604316548
4 0.6474820143884892 0.2943645083932854 0.04556354916067157 0.0443645083932854
4 0.29496402877697847 0.3057553956834532 0.026378896882493983 0.03836930455635489
8 0.31894484412470026 0.500599520383693 0.07434052757793765 0.06354916067146284
8 0.35491606714628304 0.4712230215827338 0.03836930455635489 0.05515587529976017
8 0.2823741007194245 0.6930455635491606 0.04676258992805757 0.08872901678657072
9 0.13189448441247004 0.6181055155875299 0.24940047961630696 0.5311750599520383
9 0.27218225419664266 0.47482014388489213 0.1558752997601918 0.2877697841726619
9 0.4544364508393285 0.41067146282973627 0.11750599520383695 0.20983213429256597
9 0.6900479616306954 0.4448441247002398 0.15947242206235018 0.22541966426858515
10 0.42565947242206237 0.7961630695443646 0.05515587529976017 0.06954436450839324
10 0.512589928057554 0.7841726618705036 0.04676258992805757 0.07913669064748205
10 0.5593525179856116 0.8974820143884892 0.09472422062350119 0.09712230215827333
10 0.6870503597122303 0.9268585131894486 0.052757793764988035 0.0959232613908874
10 0.3381294964028777 0.8621103117505996 0.10551558752997604 0.04796163069544363
3 0.6900479616306956 0.2685851318944844 0.03477218225419662 0.03836930455635489
3 0.2517985611510791 0.30035971223021585 0.03357314148681056 0.03717026378896879
4 0.4508393285371703 0.2865707434052758 0.03597122302158276 0.03357314148681059
