6 0.5765625 0.16875 0.11796875 0.20234375
6 0.34609375 0.74609375 0.10859375 0.16015625
6 0.653125 0.27421875 0.1078125 0.12734375
6 0.43046875 0.13515625 0.10390625 0.24140625
6 0.81953125 0.41484375 0.12421875 0.115625
6 0.11171875 0.32734375 0.12578125 0.07109375
6 0.5265625 0.7734375 0.10234375 0.19375
6 0.67109375 0.88203125 0.1296875 0.1828125
6 0.82421875 0.8171875 0.1078125 0.18828125
6 0.95234375 0.525 0.0953125 0.128125
6 0.9234375 0.7 0.153125 0.11796875
6 0.17421875 0.4671875 0.20703125 0.1140625
6 0.2328125 0.6015625 0.24375 0.08984375
6 0.29921875 0.08671875 0.1609375 0.1734375