2 0.3147482014388489 0.3303357314148681 0.39448441247002397 0.20983213429256597
2 0.7601918465227817 0.1942446043165468 0.4196642685851318 0.1942446043165468
11 0.7446043165467625 0.3219424460431655 0.29976019184652275 0.12350119904076742
4 0.7829736211031175 0.38489208633093525 0.15347721822541957 0.10311750599520388
3 0.9292565947242207 0.3303357314148681 0.06474820143884884 0.08992805755395683
3 0.44304556354916064 0.473621103117506 0.06115107913669064 0.062350119904076705
4 0.303357314148681 0.5 0.11510791366906471 0.1031175059952038
13 0.33214677037666746 0.7991606714628299 0.5491856270842701 0.4016786570743405
13 0.7559952038369304 0.7320143884892086 0.48800959232613905 0.5359712230215827
7 0.2901678657074341 0.44664268585131894 0.2733812949640288 0.06354916067146292
