2 0.5761390887290169 0.26438848920863306 0.1306954436450839 0.1258992805755396
2 0.4388489210282303 0.2404076540292092 0.105515587529976 0.13069544364508395
3 0.38309352517985606 0.3099520383693045 0.02517985611510795 0.06594724220623498
3 0.6402877697841727 0.3381294964028777 0.031175059952038352 0.06235011990407674
4 0.5791366906474821 0.36750599520383687 0.0431654676258993 0.07074340527577938
4 0.42745803357314144 0.3705035971223022 0.03717026378896882 0.05035971223021583
7 0.4418465227817745 0.3249400479616307 0.06594724220623498 0.052757793764988035
7 0.5659472422062349 0.3213429256594724 0.0863309352517986 0.06714628297362112
9 0.6235011990407674 0.6217026378896883 0.2517985611510791 0.34892086330935257
9 0.36390887290167867 0.5365707434052758 0.22661870503597123 0.32014388489208634
8 0.5 0.7176258992805755 0.11510791366906474 0.18824940047961625
