12 0.21185264612351312 0.9040767386091128 0.21142878231150872 0.19184652278177466
12 0.8485742315238717 0.7817745803357314 0.18750817527795932 0.28537170263788963
0 0.3020078482668411 0.223621103117506 0.06463047743623282 0.15947242206235013
0 0.46478090255068666 0.22062350119904076 0.05505559189012423 0.17026378896882494
0 0.6471026814911707 0.236810551558753 0.0973446697187704 0.18585131894484416
0 0.8030935251798561 0.17685851318944842 0.05984303466317854 0.18585131894484408
5 0.38858077174623934 0.09412470023980817 0.16436886854153043 0.15707434052757793
5 0.7085415304120339 0.11930455635491606 0.15638979725310656 0.16426858513189446
7 0.7384630477436233 0.19184652278177455 0.10133420536298232 0.10311750599520385
7 0.38818181818181813 0.19244604316546762 0.11250490516677565 0.07074340527577938
9 0.7851406147809024 0.6906474820143884 0.27128842380640933 0.6019184652278178
9 0.4065336821451929 0.6888489208633094 0.31198168737737086 0.6151079136690648
4 0.7572138652714192 0.2865707434052758 0.09574885546108561 0.13429256594724223
4 0.38738391105297576 0.2871702637889688 0.10133420536298232 0.14028776978417265
